positive/darkshore/1679521302.5472758.jpg 1 1631 528 52 38
positive/darkshore/1679521344.3874514.jpg 1 1753 476 56 48
positive/darkshore/1679521400.572288.jpg 1 1713 485 53 48
positive/darkshore/1679579758.6149678.jpg 1 1697 452 40 37
positive/darkshore/1679579783.4874523.jpg 1 1669 468 49 43
positive/darkshore/1679579809.6353629.jpg 1 1906 544 52 51
positive/darkshore/1679579839.4774442.jpg 1 715 737 100 82
positive/darkshore/1679579863.6353261.jpg 1 2737 578 89 81
positive/darkshore/1679579883.0794344.jpg 1 1153 429 67 60
positive/darkshore/1679579883.3538966.jpg 1 1153 430 63 57
positive/darkshore/1679579907.7154334.jpg 1 1866 500 86 74
positive/darkshore/1679579908.05107.jpg 1 1875 490 83 76
positive/darkshore/1679579980.5447564.jpg 1 1950 548 69 53
positive/darkshore/1679579980.8324397.jpg 1 1945 538 87 69
positive/darkshore/1679580007.861768.jpg 1 1476 519 70 55
positive/darkshore/1679580008.0599203.jpg 1 1479 514 66 52
positive/darkshore/1679580032.559278.jpg 1 1664 556 65 55
positive/darkshore/1679580032.7364.jpg 1 1671 555 59 53
positive/darkshore/1679580062.5003138.jpg 1 1556 529 67 59
positive/darkshore/1679580062.7396111.jpg 1 1547 528 78 62
positive/darkshore/1679580088.2326727.jpg 1 1646 426 50 49
positive/darkshore/1679580088.4255269.jpg 1 1642 425 58 46
positive/darkshore/1679580088.6731696.jpg 1 1645 425 58 52
positive/darkshore/1679580108.8233714.jpg 1 1580 547 60 62
positive/darkshore/1679580109.0561955.jpg 1 1576 543 77 73
positive/darkshore/1679580124.795278.jpg 1 1287 596 74 51
positive/darkshore/1679580125.0279386.jpg 1 1292 585 70 56
positive/darkshore/1679580142.6067302.jpg 1 1369 634 72 67
positive/darkshore/1679580142.8109696.jpg 1 1371 628 74 73
positive/darkshore/1679580142.9997134.jpg 1 1373 638 71 63
positive/darkshore/1679580159.0724633.jpg 1 1840 541 79 58
positive/darkshore/1679580159.3145301.jpg 1 1846 546 77 64
positive/darkshore/1679580172.0347686.jpg 1 1993 589 81 59
positive/darkshore/1679580172.2327843.jpg 1 1995 586 83 60
positive/darkshore/1679580476.2309551.jpg 1 1908 466 61 51
positive/darkshore/1679580476.4531834.jpg 1 1903 459 71 51
positive/darkshore/1679580496.8983953.jpg 1 1071 481 70 49
positive/darkshore/1679580497.0864043.jpg 1 1071 480 71 48
positive/darkshore/1679580527.6900535.jpg 1 1723 447 70 54
positive/darkshore/1679580527.8777733.jpg 1 1722 445 77 52
positive/darkshore/1679580528.0489707.jpg 1 1725 442 77 56
positive/darkshore/1679580554.2239544.jpg 1 1503 443 67 52
positive/darkshore/1679580554.409826.jpg 1 1498 435 70 60
positive/darkshore/1679580554.5959196.jpg 1 1496 433 76 63
positive/darkshore/1679580581.3035626.jpg 1 1803 402 66 52
positive/darkshore/1679580581.5123472.jpg 1 1801 397 70 59
positive/darkshore/1679580581.6712337.jpg 1 1805 394 68 64
positive/darkshore/1679580609.5949495.jpg 1 1676 424 90 58
positive/darkshore/1679580609.8001142.jpg 1 1669 417 99 63
positive/darkshore/1679580699.8281505.jpg 1 1428 433 94 80
positive/darkshore/1679580719.5322819.jpg 1 1596 365 85 75
positive/darkshore/1679580719.7377088.jpg 1 1601 362 84 75
positive/darkshore/1679580730.4041896.jpg 1 1815 409 70 61
positive/darkshore/1679580746.9928412.jpg 1 1507 418 83 75
positive/darkshore/1679580765.9349318.jpg 1 1989 397 84 65
positive/darkshore/1679580766.125167.jpg 1 1984 392 99 72
positive/darkshore/1679580792.4939926.jpg 1 1172 287 95 78
positive/darkshore/1679580813.1350026.jpg 1 2087 174 74 69
positive/darkshore/1679580843.303426.jpg 1 1831 511 71 56
positive/darkshore/1679580862.32661.jpg 1 1520 567 79 65
positive/darkshore/1679580862.563449.jpg 1 1534 565 62 67
positive/darkshore/1679580883.626514.jpg 1 2065 562 63 63
positive/darkshore/1679580883.8339531.jpg 1 2067 556 72 69
positive/darkshore/1679582419.4774797.jpg 1 1873 539 69 61
positive/darkshore/1679582419.7128844.jpg 1 1877 537 66 58
positive/darkshore/1679582443.3963895.jpg 1 1941 598 71 62
positive/darkshore/1679582443.5848327.jpg 1 1943 599 70 55
positive/darkshore/1679582471.898884.jpg 1 1792 553 77 73
positive/darkshore/1679582472.1052022.jpg 1 1801 556 71 71
positive/darkshore/1679582491.7185795.jpg 1 1724 520 80 53
positive/darkshore/1679582512.5176437.jpg 1 1935 516 56 55
positive/darkshore/1679582512.7456.jpg 1 1927 506 71 65
positive/darkshore/1679582541.5958478.jpg 1 1761 531 96 66
positive/darkshore/1679582562.0329187.jpg 1 1810 556 106 59
positive/darkshore/1679582587.0916426.jpg 1 2271 362 103 81
positive/darkshore/1679582587.337434.jpg 1 2283 357 88 76
positive/darkshore/1679582631.6406624.jpg 1 1964 496 71 67
positive/darkshore/1679582654.492294.jpg 1 1460 447 80 65
positive/darkshore/1679582654.7084.jpg 1 1473 451 73 63
positive/darkshore/1679582673.5098135.jpg 1 2517 365 115 99
positive/darkshore/1679582673.7420893.jpg 1 2517 366 127 98
positive/darkshore/1679582689.567068.jpg 1 1235 437 96 83
positive/darkshore/1679582689.7894008.jpg 1 1233 441 105 79
positive/darkshore/Screenshot_from_2023-03-22_17-44-30.png 1 1542 366 68 57
positive/darkshore/Screenshot_from_2023-03-22_17-44-59.png 1 1301 367 74 64
positive/darkshore/Screenshot_from_2023-03-22_17-45-55.png 1 1675 470 59 65
positive/darkshore/Screenshot_from_2023-03-22_17-46-18.png 1 1878 518 92 69
positive/darkshore/Screenshot_from_2023-03-22_17-46-54.png 1 1612 448 67 65
positive/darkshore/Screenshot_from_2023-03-22_17-47-18.png 1 1794 472 75 74
positive/darkshore/Screenshot_from_2023-03-22_17-47-48.png 1 1410 517 77 69
positive/darkshore/Screenshot_from_2023-03-22_17-52-59.png 1 1774 449 97 64
positive/darkshore/Screenshot_from_2023-03-22_17-53-11.png 1 1358 479 78 75
positive/darkshore/Screenshot_from_2023-03-22_17-53-42.png 1 1925 448 75 60
positive/darkshore/Screenshot_from_2023-03-22_17-54-06.png 1 1789 419 78 63
positive/darkshore/Screenshot_from_2023-03-22_17-54-48.png 1 1699 431 60 75
positive/darkshore/Screenshot_from_2023-03-22_17-55-07.png 1 1636 360 64 69
positive/darkshore/Screenshot_from_2023-03-22_17-55-16.png 1 1736 417 76 71
positive/lochmodan/1679703599.1539354.jpg 1 1570 306 81 75
positive/lochmodan/1679703670.6530514.jpg 1 1071 614 89 83
positive/lochmodan/1679703704.247054.jpg 1 2409 641 109 103
positive/lochmodan/1679703760.6130128.jpg 1 1581 477 93 82
positive/lochmodan/1679703773.6059558.jpg 1 1599 481 109 91
positive/lochmodan/1679704622.8874416.jpg 1 2091 562 106 105
positive/lochmodan/1679704662.0362995.jpg 1 1141 463 116 91
positive/lochmodan/1679704687.2068312.jpg 1 1756 484 79 87
positive/lochmodan/1679704702.6761737.jpg 1 1738 426 97 82
positive/lochmodan/1679705134.6979933.jpg 1 1652 357 69 55
positive/lochmodan/1679705152.4525821.jpg 1 2739 502 107 78
positive/lochmodan/1679705164.7205641.jpg 1 666 539 105 81
positive/stranglethorn/1679844821.3711572.jpg 1 1880 470 102 81
positive/stranglethorn/1679844838.6534853.jpg 1 1401 579 80 61
positive/stranglethorn/1679844862.2229905.jpg 1 1529 607 98 80
positive/stranglethorn/1679844871.2890983.jpg 1 1770 602 76 60
positive/stranglethorn/1679844897.4997706.jpg 1 1794 501 76 53
positive/stranglethorn/1679844897.7081.jpg 1 1786 498 84 55
positive/stranglethorn/1679844922.0554652.jpg 1 1674 550 105 77
positive/stranglethorn/1679844973.9916239.jpg 1 1865 474 85 56
positive/redridge/1679931138.4295495.jpg 1 1228 350 79 57
positive/redridge/1679931147.3035507.jpg 1 1128 497 81 60
positive/redridge/1679931157.482059.jpg 1 1556 465 82 68
positive/redridge/1679931187.7431102.jpg 1 1660 396 63 48
positive/redridge/1679931205.1573434.jpg 1 1656 518 71 54
positive/redridge/1679931226.7009046.jpg 1 1669 561 64 51
positive/redridge/1679931256.6476228.jpg 1 1738 476 69 60
positive/redridge/1679931282.878234.jpg 1 1956 573 79 59
positive/tanaris/15568365.jpg 1 1899 975 67 60
positive/tanaris/15605125.jpg 1 2391 759 112 85
positive/tanaris/16124434.jpg 1 2174 684 104 97
positive/tanaris/16653370.jpg 1 1852 702 111 93
positive/tanaris/16680652.jpg 1 2331 885 97 83
positive/tanaris/16958963.jpg 1 1508 1011 109 98
positive/tanaris/17070684.jpg 1 2270 1072 114 99
positive/tanaris/17228704.jpg 1 1384 990 121 109
positive/tanaris/17341740.jpg 1 2570 890 95 82
positive/tanaris/17803920.jpg 1 1829 981 93 78
positive/tanaris/17935941.jpg 1 1829 506 117 126